Filetype: IR signals file
Version: 1
#
# DeLonghi Pinguino PAC N87 Silent
# Timing exact as IR Plus (1690us one-gap)
#
# 
name: Power_ON
type: raw
frequency: 38000
duty_cycle: 0.33
data: 9000 4500 560 560 560 560 560 560 560 1690 560 560 560 560 560 1690 560 560 560 560 560 560 560 1690 560 560 560 1690 560 560 560 560 560 560 560 1690 560 560 560 560 560 560 560 560 560 560 560 560 560 1690 560 560 560 560 560 560 560 1690 560 560 560 560 560 560 560 560 560
# 
name: Power_OFF
type: raw
frequency: 38000
duty_cycle: 0.33
data: 9000 4500 560 560 560 560 560 560 560 1690 560 560 560 560 560 1690 560 560 560 560 560 560 560 1690 560 560 560 1690 560 560 560 560 560 560 560 1690 560 560 560 560 560 560 560 560 560 560 560 560 560 560 560 560 560 560 560 560 560 1690 560 560 560 560 560 560 560 560 560
# 
name: 16C
type: raw
frequency: 38000
duty_cycle: 0.33
data: 9000 4500 560 560 560 560 560 560 560 1690 560 560 560 560 560 1690 560 560 560 560 560 560 560 1690 560 560 560 1690 560 560 560 560 560 560 560 1690 560 560 560 560 560 560 560 560 560 560 560 560 560 1690 560 560 560 560 560 560 560 560 560 560 560 560 560 560 560 560 560
# 
name: 18C
type: raw
frequency: 38000
duty_cycle: 0.33
data: 9000 4500 560 560 560 560 560 560 560 1690 560 560 560 560 560 1690 560 560 560 560 560 560 560 1690 560 560 560 1690 560 560 560 560 560 560 560 1690 560 560 560 560 560 560 560 560 560 560 560 560 560 1690 560 560 560 1690 560 560 560 560 560 560 560 560 560 560 560 560 560
# 
name: 20C
type: raw
frequency: 38000
duty_cycle: 0.33
data: 9000 4500 560 560 560 560 560 560 560 1690 560 560 560 560 560 1690 560 560 560 560 560 560 560 1690 560 560 560 1690 560 560 560 560 560 560 560 1690 560 560 560 560 560 560 560 560 560 560 560 560 560 1690 560 560 560 560 560 1690 560 560 560 560 560 560 560 560 560 560 560
# 
name: 22C
type: raw
frequency: 38000
duty_cycle: 0.33
data: 9000 4500 560 560 560 560 560 560 560 1690 560 560 560 560 560 1690 560 560 560 560 560 560 560 1690 560 560 560 1690 560 560 560 560 560 560 560 1690 560 560 560 560 560 560 560 560 560 560 560 560 560 1690 560 560 560 1690 560 1690 560 560 560 560 560 560 560 560 560 560 560
# 
name: 24C
type: raw
frequency: 38000
duty_cycle: 0.33
data: 9000 4500 560 560 560 560 560 560 560 1690 560 560 560 560 560 1690 560 560 560 560 560 560 560 1690 560 560 560 1690 560 560 560 560 560 560 560 1690 560 560 560 560 560 560 560 560 560 560 560 560 560 1690 560 560 560 560 560 560 560 1690 560 560 560 560 560 560 560 560 560
# 
name: 26C
type: raw
frequency: 38000
duty_cycle: 0.33
data: 9000 4500 560 560 560 560 560 560 560 1690 560 560 560 560 560 1690 560 560 560 560 560 560 560 1690 560 560 560 1690 560 560 560 560 560 560 560 1690 560 560 560 560 560 560 560 560 560 560 560 560 560 1690 560 560 560 1690 560 560 560 1690 560 560 560 560 560 560 560 560 560
# 
name: 28C
type: raw
frequency: 38000
duty_cycle: 0.33
data: 9000 4500 560 560 560 560 560 560 560 1690 560 560 560 560 560 1690 560 560 560 560 560 560 560 1690 560 560 560 1690 560 560 560 560 560 560 560 1690 560 560 560 560 560 560 560 560 560 560 560 560 560 1690 560 560 560 560 560 1690 560 1690 560 560 560 560 560 560 560 560 560
# 
name: 30C
type: raw
frequency: 38000
duty_cycle: 0.33
data: 9000 4500 560 560 560 560 560 560 560 1690 560 560 560 560 560 1690 560 560 560 560 560 560 560 1690 560 560 560 1690 560 560 560 560 560 560 560 1690 560 560 560 560 560 560 560 560 560 560 560 560 560 1690 560 560 560 1690 560 1690 560 1690 560 560 560 560 560 560 560 560 560
# 
name: Mode_AC
type: raw
frequency: 38000
duty_cycle: 0.33
data: 9000 4500 560 560 560 560 560 560 560 1690 560 560 560 560 560 1690 560 560 560 560 560 560 560 1690 560 560 560 1690 560 560 560 560 560 560 560 1690 560 560 560 560 560 560 560 560 560 560 560 560 560 1690 560 560 560 560 560 560 560 1690 560 560 560 560 560 560 560 560 560
# 
name: Mode_Dehum
type: raw
frequency: 38000
duty_cycle: 0.33
data: 9000 4500 560 560 560 560 560 560 560 1690 560 560 560 560 560 1690 560 560 560 560 560 560 560 1690 560 560 560 560 560 560 560 1690 560 560 560 1690 560 560 560 560 560 560 560 560 560 560 560 560 560 1690 560 560 560 560 560 560 560 1690 560 560 560 560 560 560 560 560 560
# 
name: Mode_Blow
type: raw
frequency: 38000
duty_cycle: 0.33
data: 9000 4500 560 560 560 560 560 560 560 1690 560 560 560 560 560 1690 560 560 560 560 560 560 560 1690 560 560 560 560 560 560 560 560 560 1690 560 1690 560 560 560 560 560 560 560 560 560 560 560 560 560 1690 560 560 560 560 560 560 560 1690 560 560 560 560 560 560 560 560 560
# 
name: Fan_Low
type: raw
frequency: 38000
duty_cycle: 0.33
data: 9000 4500 560 560 560 560 560 560 560 1690 560 560 560 560 560 1690 560 560 560 560 560 1690 560 560 560 560 560 1690 560 560 560 560 560 560 560 1690 560 560 560 560 560 560 560 560 560 560 560 560 560 1690 560 560 560 560 560 560 560 1690 560 560 560 560 560 560 560 560 560
# 
name: Fan_Mid
type: raw
frequency: 38000
duty_cycle: 0.33
data: 9000 4500 560 560 560 560 560 560 560 1690 560 560 560 560 560 1690 560 560 560 560 560 560 560 1690 560 560 560 1690 560 560 560 560 560 560 560 1690 560 560 560 560 560 560 560 560 560 560 560 560 560 1690 560 560 560 560 560 560 560 1690 560 560 560 560 560 560 560 560 560
# 
name: Fan_High
type: raw
frequency: 38000
duty_cycle: 0.33
data: 9000 4500 560 560 560 560 560 560 560 1690 560 560 560 560 560 1690 560 560 560 560 560 560 560 560 560 1690 560 1690 560 560 560 560 560 560 560 1690 560 560 560 560 560 560 560 560 560 560 560 560 560 1690 560 560 560 560 560 560 560 1690 560 560 560 560 560 560 560 560 560
